% number of repeats:% 3
% enter nfirst, nlast, ninc:% 100 1500 100 
data_ref( 1, 1:2 ) = [ 100 6.280000e-05 ];
syrk_lt_unb_var4( 1, 1:3 ) = [ 100 4.484000e-04 2.131628e-14];
data_ref( 2, 1:2 ) = [ 200 3.287000e-04 ];
syrk_lt_unb_var4( 2, 1:3 ) = [ 200 1.393400e-03 8.526513e-14];
data_ref( 3, 1:2 ) = [ 300 7.924000e-04 ];
syrk_lt_unb_var4( 3, 1:3 ) = [ 300 2.917100e-03 8.526513e-14];
data_ref( 4, 1:2 ) = [ 400 1.772200e-03 ];
syrk_lt_unb_var4( 4, 1:3 ) = [ 400 5.403600e-03 1.421085e-13];
data_ref( 5, 1:2 ) = [ 500 3.404900e-03 ];
syrk_lt_unb_var4( 5, 1:3 ) = [ 500 9.489000e-03 1.989520e-13];
data_ref( 6, 1:2 ) = [ 600 5.954300e-03 ];
syrk_lt_unb_var4( 6, 1:3 ) = [ 600 1.498110e-02 1.705303e-13];
data_ref( 7, 1:2 ) = [ 700 9.291000e-03 ];
syrk_lt_unb_var4( 7, 1:3 ) = [ 700 2.489080e-02 2.273737e-13];
data_ref( 8, 1:2 ) = [ 800 1.348350e-02 ];
syrk_lt_unb_var4( 8, 1:3 ) = [ 800 4.634120e-02 1.705303e-13];
data_ref( 9, 1:2 ) = [ 900 2.264450e-02 ];
syrk_lt_unb_var4( 9, 1:3 ) = [ 900 1.022068e-01 3.410605e-13];
data_ref( 10, 1:2 ) = [ 1000 2.961190e-02 ];
syrk_lt_unb_var4( 10, 1:3 ) = [ 1000 1.253337e-01 3.410605e-13];
data_ref( 11, 1:2 ) = [ 1100 3.258630e-02 ];
syrk_lt_unb_var4( 11, 1:3 ) = [ 1100 1.773944e-01 3.410605e-13];
data_ref( 12, 1:2 ) = [ 1200 4.191870e-02 ];
syrk_lt_unb_var4( 12, 1:3 ) = [ 1200 2.555388e-01 2.842171e-13];
data_ref( 13, 1:2 ) = [ 1300 5.278260e-02 ];
syrk_lt_unb_var4( 13, 1:3 ) = [ 1300 3.503456e-01 3.410605e-13];
data_ref( 14, 1:2 ) = [ 1400 8.344170e-02 ];
syrk_lt_unb_var4( 14, 1:3 ) = [ 1400 4.845120e-01 3.410605e-13];
data_ref( 15, 1:2 ) = [ 1500 8.361990e-02 ];
syrk_lt_unb_var4( 15, 1:3 ) = [ 1500 6.481307e-01 4.547474e-13];
