% number of repeats:% 3
% enter nfirst, nlast, ninc:% 100 1500 100 
data_ref( 1, 1:2 ) = [ 100 5.490000e-05 ];
syrk_lt_unb_var2( 1, 1:3 ) = [ 100 4.105000e-04 2.131628e-14];
data_ref( 2, 1:2 ) = [ 200 4.097000e-04 ];
syrk_lt_unb_var2( 2, 1:3 ) = [ 200 1.384000e-03 8.526513e-14];
data_ref( 3, 1:2 ) = [ 300 8.217000e-04 ];
syrk_lt_unb_var2( 3, 1:3 ) = [ 300 2.804100e-03 8.526513e-14];
data_ref( 4, 1:2 ) = [ 400 1.907300e-03 ];
syrk_lt_unb_var2( 4, 1:3 ) = [ 400 5.846500e-03 1.421085e-13];
data_ref( 5, 1:2 ) = [ 500 3.392000e-03 ];
syrk_lt_unb_var2( 5, 1:3 ) = [ 500 9.752600e-03 1.989520e-13];
data_ref( 6, 1:2 ) = [ 600 5.893200e-03 ];
syrk_lt_unb_var2( 6, 1:3 ) = [ 600 1.514230e-02 1.705303e-13];
data_ref( 7, 1:2 ) = [ 700 9.103800e-03 ];
syrk_lt_unb_var2( 7, 1:3 ) = [ 700 2.440050e-02 2.273737e-13];
data_ref( 8, 1:2 ) = [ 800 1.373470e-02 ];
syrk_lt_unb_var2( 8, 1:3 ) = [ 800 4.623680e-02 1.705303e-13];
data_ref( 9, 1:2 ) = [ 900 2.013750e-02 ];
syrk_lt_unb_var2( 9, 1:3 ) = [ 900 8.644230e-02 3.410605e-13];
data_ref( 10, 1:2 ) = [ 1000 2.646760e-02 ];
syrk_lt_unb_var2( 10, 1:3 ) = [ 1000 1.179433e-01 3.410605e-13];
data_ref( 11, 1:2 ) = [ 1100 3.235440e-02 ];
syrk_lt_unb_var2( 11, 1:3 ) = [ 1100 1.872872e-01 3.410605e-13];
data_ref( 12, 1:2 ) = [ 1200 5.024270e-02 ];
syrk_lt_unb_var2( 12, 1:3 ) = [ 1200 2.640844e-01 2.842171e-13];
data_ref( 13, 1:2 ) = [ 1300 6.124510e-02 ];
syrk_lt_unb_var2( 13, 1:3 ) = [ 1300 3.520921e-01 3.410605e-13];
data_ref( 14, 1:2 ) = [ 1400 6.885840e-02 ];
syrk_lt_unb_var2( 14, 1:3 ) = [ 1400 4.476532e-01 3.410605e-13];
data_ref( 15, 1:2 ) = [ 1500 8.159290e-02 ];
syrk_lt_unb_var2( 15, 1:3 ) = [ 1500 5.668755e-01 4.547474e-13];
