% number of repeats:% 3
% enter nfirst, nlast, ninc:% 100 1500 100 
data_ref( 1, 1:2 ) = [ 100 6.370000e-05 ];
syrk_lt_unb_var1( 1, 1:3 ) = [ 100 3.998000e-04 2.131628e-14];
data_ref( 2, 1:2 ) = [ 200 2.702000e-04 ];
syrk_lt_unb_var1( 2, 1:3 ) = [ 200 1.394600e-03 8.526513e-14];
data_ref( 3, 1:2 ) = [ 300 8.110000e-04 ];
syrk_lt_unb_var1( 3, 1:3 ) = [ 300 3.491500e-03 8.526513e-14];
data_ref( 4, 1:2 ) = [ 400 1.893100e-03 ];
syrk_lt_unb_var1( 4, 1:3 ) = [ 400 5.684500e-03 1.421085e-13];
data_ref( 5, 1:2 ) = [ 500 3.409800e-03 ];
syrk_lt_unb_var1( 5, 1:3 ) = [ 500 9.327800e-03 1.989520e-13];
data_ref( 6, 1:2 ) = [ 600 5.901500e-03 ];
syrk_lt_unb_var1( 6, 1:3 ) = [ 600 1.507880e-02 1.705303e-13];
data_ref( 7, 1:2 ) = [ 700 8.990800e-03 ];
syrk_lt_unb_var1( 7, 1:3 ) = [ 700 2.402530e-02 2.273737e-13];
data_ref( 8, 1:2 ) = [ 800 1.317920e-02 ];
syrk_lt_unb_var1( 8, 1:3 ) = [ 800 4.756060e-02 1.705303e-13];
data_ref( 9, 1:2 ) = [ 900 2.473860e-02 ];
syrk_lt_unb_var1( 9, 1:3 ) = [ 900 9.748700e-02 3.410605e-13];
data_ref( 10, 1:2 ) = [ 1000 3.079500e-02 ];
syrk_lt_unb_var1( 10, 1:3 ) = [ 1000 1.511908e-01 3.410605e-13];
data_ref( 11, 1:2 ) = [ 1100 3.260830e-02 ];
syrk_lt_unb_var1( 11, 1:3 ) = [ 1100 1.897021e-01 3.410605e-13];
data_ref( 12, 1:2 ) = [ 1200 4.116500e-02 ];
syrk_lt_unb_var1( 12, 1:3 ) = [ 1200 2.469647e-01 2.842171e-13];
data_ref( 13, 1:2 ) = [ 1300 5.268030e-02 ];
syrk_lt_unb_var1( 13, 1:3 ) = [ 1300 3.436995e-01 3.410605e-13];
data_ref( 14, 1:2 ) = [ 1400 6.418560e-02 ];
syrk_lt_unb_var1( 14, 1:3 ) = [ 1400 4.460832e-01 3.410605e-13];
data_ref( 15, 1:2 ) = [ 1500 7.962260e-02 ];
syrk_lt_unb_var1( 15, 1:3 ) = [ 1500 5.926415e-01 4.547474e-13];
