% number of repeats:% 3
% enter nfirst, nlast, ninc:% 100 1500 100 
data_ref( 1, 1:2 ) = [ 100 6.910000e-05 ];
syrk_lt_unb_var3( 1, 1:3 ) = [ 100 4.828000e-04 2.131628e-14];
data_ref( 2, 1:2 ) = [ 200 2.999000e-04 ];
syrk_lt_unb_var3( 2, 1:3 ) = [ 200 1.438800e-03 8.526513e-14];
data_ref( 3, 1:2 ) = [ 300 8.075000e-04 ];
syrk_lt_unb_var3( 3, 1:3 ) = [ 300 2.871300e-03 8.526513e-14];
data_ref( 4, 1:2 ) = [ 400 1.803500e-03 ];
syrk_lt_unb_var3( 4, 1:3 ) = [ 400 5.337600e-03 1.421085e-13];
data_ref( 5, 1:2 ) = [ 500 3.617100e-03 ];
syrk_lt_unb_var3( 5, 1:3 ) = [ 500 8.988500e-03 1.989520e-13];
data_ref( 6, 1:2 ) = [ 600 5.917600e-03 ];
syrk_lt_unb_var3( 6, 1:3 ) = [ 600 1.495550e-02 1.705303e-13];
data_ref( 7, 1:2 ) = [ 700 9.489300e-03 ];
syrk_lt_unb_var3( 7, 1:3 ) = [ 700 2.640710e-02 2.273737e-13];
data_ref( 8, 1:2 ) = [ 800 1.394840e-02 ];
syrk_lt_unb_var3( 8, 1:3 ) = [ 800 4.499630e-02 1.705303e-13];
data_ref( 9, 1:2 ) = [ 900 1.967880e-02 ];
syrk_lt_unb_var3( 9, 1:3 ) = [ 900 7.767300e-02 3.410605e-13];
data_ref( 10, 1:2 ) = [ 1000 2.593260e-02 ];
syrk_lt_unb_var3( 10, 1:3 ) = [ 1000 1.175107e-01 3.410605e-13];
data_ref( 11, 1:2 ) = [ 1100 3.227250e-02 ];
syrk_lt_unb_var3( 11, 1:3 ) = [ 1100 1.719872e-01 3.410605e-13];
data_ref( 12, 1:2 ) = [ 1200 5.124150e-02 ];
syrk_lt_unb_var3( 12, 1:3 ) = [ 1200 2.448784e-01 2.842171e-13];
data_ref( 13, 1:2 ) = [ 1300 5.266050e-02 ];
syrk_lt_unb_var3( 13, 1:3 ) = [ 1300 3.255732e-01 3.410605e-13];
data_ref( 14, 1:2 ) = [ 1400 6.863840e-02 ];
syrk_lt_unb_var3( 14, 1:3 ) = [ 1400 4.371497e-01 3.410605e-13];
data_ref( 15, 1:2 ) = [ 1500 8.151930e-02 ];
syrk_lt_unb_var3( 15, 1:3 ) = [ 1500 5.868428e-01 4.547474e-13];
